6.622749445586845196e-01 2.831879159806004187e-02 7.487255464135151861e-01 3.794519057858787292e+00 3.024000000000000000e+03   5.479794603895743466e-01 -6.998110517410465192e-01 -4.582390237116880649e-01 1.957573271371461365e-01 4.032000000000000000e+03    5.109896366864421502e-01 7.137664449268511513e-01 -4.789854416321460695e-01 -1.994240552809537770e-01 3.333911771573298665e+03 3.425272121250539037e+00 1.615490729299752815e+01
6.732976941677777383e-01 -7.174030815604133526e-02 7.358828325311234098e-01 3.755445446476390448e+00 3.024000000000000000e+03 4.845993863289684844e-01 -7.088822008342496872e-01 -5.124933756742396929e-01 2.586461857714138397e-03 4.032000000000000000e+03 5.584206745796044258e-01 7.016689771723317870e-01 -4.425234419508112804e-01 2.567555625578156128e-02 3.333911771573298665e+03 3.365757724475730406e+00 1.644624680933079830e+01
6.646613759957574752e-01 -1.450009255307566358e-01 7.329392791047905087e-01 3.723233047778285343e+00 3.024000000000000000e+03 4.480920204947734242e-01 -7.076191650876949568e-01 -5.463411556614650166e-01 -1.680304476809418579e-01 4.032000000000000000e+03 5.978618539665646603e-01 6.915561067591098343e-01 -4.053533702534674599e-01 1.931847300532861245e-01 3.333911771573298665e+03 3.331317680879560150e+00 1.642452962346113665e+01
6.477943461896712440e-01 -2.198551695562081243e-01 7.294012540872869543e-01 3.724415715527944037e+00 3.024000000000000000e+03 4.243592047270576817e-01 -6.910141060172874106e-01 -5.851655925022828386e-01 -3.004197133150353083e-01 4.032000000000000000e+03 6.326782360790635940e-01 6.885950985191076068e-01 -3.543374661073042664e-01 4.096384108521914924e-01 3.333911771573298665e+03 3.354182298715373989e+00 1.645057561949830927e+01
6.272180028720599765e-01 -2.742060484811243426e-01 7.289777910537137418e-01 3.689269171041812623e+00 3.024000000000000000e+03 4.105129020141547458e-01 -6.790141271723988403e-01 -6.086205487659960278e-01 -4.965673860609488566e-01 4.032000000000000000e+03 6.618736542219380015e-01 6.809925536132332979e-01 -3.133247640551666824e-01 6.481847985194295614e-01 3.333911771573298665e+03 3.359186332161591793e+00 3.268211545249066319e+01
6.124794494134184752e-01 -3.382868515649616881e-01 7.144444905690722214e-01 3.577593987788435737e+00 3.024000000000000000e+03 3.796850814529591500e-01 -6.668251073857619504e-01 -6.412359277847951011e-01 -6.970610366529281787e-01 4.032000000000000000e+03 6.933312072655432035e-01 6.640077425890696938e-01 -2.799742038357675988e-01 8.628293983043293647e-01 3.333911771573298665e+03 3.336582477246345046e+00 2.002520091450035977e+01
5.659273337687116268e-01 -4.881342242167511780e-01 6.644179648698154139e-01 3.214504282901000654e+00 3.024000000000000000e+03 3.466876706443396405e-01 -5.902758229672758761e-01 -7.289596091989644089e-01 -1.023464232095370852e+00 4.032000000000000000e+03 7.480199943294556508e-01 6.428836846340210132e-01 -1.648231055245155119e-01 1.425370203128163205e+00 3.333911771573298665e+03 3.225303502317154347e+00 3.303921252779871764e+01
5.721280432038371444e-01 -5.784091050281311430e-01 5.814743411366528614e-01 2.903142849204582099e+00 3.024000000000000000e+03 2.744492417852782418e-01 -5.330840627815236488e-01 -8.003118115408709432e-01 -1.369384625537393152e+00 4.032000000000000000e+03 7.728823428331340617e-01 6.174660227323452988e-01 -1.462484013856726328e-01 1.297460558833614108e+00 3.333911771573298665e+03 3.312718631891808485e+00 2.284072883326025050e+01
5.033719670342535757e-01 -6.817133103779863257e-01 5.309271374280600808e-01 2.753881006467914005e+00 3.024000000000000000e+03 2.173956054741509047e-01 -4.947660842712737761e-01 -8.413950752027244961e-01 -1.598787922039379694e+00 4.032000000000000000e+03 8.362749628708214811e-01 5.389559205615599424e-01 -1.008498991920560167e-01 1.505696595325712872e+00 3.333911771573298665e+03 3.220433243259674949e+00 1.564769379299690755e+01
4.601182021329735528e-01 -7.558552602659883712e-01 4.658047505062125060e-01 2.554266693811323652e+00 3.024000000000000000e+03 1.777093510403720544e-01 -4.356196886824816317e-01 -8.824142300444773879e-01 -1.840458684644950660e+00 4.032000000000000000e+03 8.698911579150173656e-01 4.887927089885984455e-01 -6.611400018798875566e-02 1.776082006584864370e+00 3.333911771573298665e+03 3.301128382805499584e+00 1.653448053358776804e+01
4.120946850528003913e-01 -8.184762904473666945e-01 4.003430185812538733e-01 2.268444339070674776e+00 3.024000000000000000e+03 1.550126447894245307e-01 -3.700014139121355350e-01 -9.160076602618603125e-01 -2.038689182269897149e+00 4.032000000000000000e+03 8.978580347174160980e-01 4.395401183948258184e-01 -2.560144165552914047e-02 1.950141844269362990e+00 3.333911771573298665e+03 3.498272834462377912e+00 1.579213466932067611e+01
3.406501018085410504e-01 -8.795481234469439968e-01 3.321936282934853102e-01 1.905274122335453457e+00 3.024000000000000000e+03 1.366765653029991257e-01 -3.032460496317523901e-01 -9.430595685743885515e-01 -2.219131967484094581e+00 4.032000000000000000e+03 9.302026793311262143e-01 3.666564221770790000e-01 1.691281885133233062e-02 2.196044095556797693e+00 3.333911771573298665e+03 3.649274551127272836e+00 1.614499320273825589e+01
2.550337293866967170e-01 -9.308018940354135795e-01 2.618503980046609225e-01 1.505794491101277055e+00 3.024000000000000000e+03 1.114924642024088947e-01 -2.406911522055851516e-01 -9.641769545451822632e-01 -2.223034129844455808e+00 4.032000000000000000e+03 9.604828094771857838e-01 2.750919906322865649e-01 4.239303467290610195e-02 2.391603770979787491e+00 3.333911771573298665e+03 3.298859306833755944e+00 1.573036570710666915e+01
1.985351056620414112e-01 -9.564930834249267821e-01 2.137867937456329470e-01 1.125910787578967343e+00 3.024000000000000000e+03 1.024287265889849696e-01 -1.966853305149575681e-01 -9.751016545620155851e-01 -2.263115642845655806e+00 4.032000000000000000e+03 9.747267144123631377e-01 2.154898190646083178e-01 5.892342565042622132e-02 2.484660443393902796e+00 3.333911771573298665e+03 3.198893406019364338e+00 1.587984073508637550e+01
1.115482401347055730e-01 -9.847909672323731378e-01 1.332056341915598963e-01 7.217583618101811593e-01 3.024000000000000000e+03 8.022730514841722171e-02 -1.246805144644277941e-01 -9.889481021881320055e-01 -2.256501644748480473e+00 4.032000000000000000e+03 9.905153050970351147e-01 1.210021494454177893e-01 6.509923346795939980e-02 2.546038869066521215e+00 3.333911771573298665e+03 3.136247511945981614e+00 1.556421051930382760e+01
6.829840383477564156e-03 -9.993435600491413773e-01 -3.557811502377796614e-02 -6.017470978674078347e-02 3.024000000000000000e+03 1.331046085863061279e-01 3.617087721889979124e-02 -9.904417351941011693e-01 -2.644985649694033825e+00 4.032000000000000000e+03 9.910784613003263965e-01 2.028947886031715574e-03 1.332642747215224410e-01 2.867480879570213581e+00 3.333911771573298665e+03 3.588132306295629625e+00 1.769842519386879331e+01
-1.008638271468502712e-01 -9.854857907657407212e-01 -1.365439290928451288e-01 -4.078089781255457846e-01 3.024000000000000000e+03 1.416959848788164889e-01 1.216154494136801323e-01 -9.824112836959529860e-01 -2.402484681256806809e+00 4.032000000000000000e+03 9.847582120716292797e-01 -1.184374884178578669e-01 1.273727800385825171e-01 2.820719040928119981e+00 3.333911771573298665e+03 3.315658931027520850e+00 1.732500679222948747e+01
-1.494262554438613722e-01 -9.718534564689227384e-01 -1.821336139580864710e-01 -6.272961831479968442e-01 3.024000000000000000e+03 1.092639244676502641e-01 1.668438135238404785e-01 -9.799104738182714547e-01 -2.230676425356682202e+00 4.032000000000000000e+03 9.827172477340332390e-01 -1.663249862114208333e-01 8.125767636240366354e-02 2.610959130171430775e+00 3.333911771573298665e+03 3.158918794156179821e+00 1.585456409376056364e+01
-2.159127799374932488e-01 -9.440797535261591378e-01 -2.491888650033324271e-01 -9.297415562700344083e-01 3.024000000000000000e+03 1.160895201026103801e-01 2.285776980925429691e-01 -9.665792565832660443e-01 -2.130113659863269060e+00 4.032000000000000000e+03 9.694869234713839878e-01 -2.376250300719595920e-01 6.024491929856796296e-02 2.473760090773669873e+00 3.333911771573298665e+03 3.088274910807491835e+00 1.597008210287535945e+01
-2.522637423882357344e-01 -9.145545933363464775e-01 -3.161532857391658458e-01 -1.204223485840119734e+00 3.024000000000000000e+03 1.289689620294187100e-01 2.920286072243802322e-01 -9.476741525417070600e-01 -1.946405007057988135e+00 4.032000000000000000e+03 9.590255528969683363e-01 -2.798377893887411538e-01 4.428092727897902509e-02 2.285815267298056064e+00 3.333911771573298665e+03 2.934848662240326256e+00 1.627109334063651858e+01
-3.211479408075184616e-01 -8.531612154592840280e-01 -4.110716975797858441e-01 -1.547985038039178196e+00 3.024000000000000000e+03 1.510457117423539275e-01 3.823636893578819529e-01 -9.115828004218126113e-01 -1.952252799317254706e+00 4.032000000000000000e+03 9.349059808768664936e-01 -3.548435563690925942e-01 6.071031543169596277e-03 2.240346588267529970e+00 3.333911771573298665e+03 3.024304194082811925e+00 1.602746623148464522e+01
-3.839829403776907069e-01 -7.953004424263436789e-01 -4.690994646931118672e-01 -1.908552333732220108e+00 3.024000000000000000e+03 1.854234367846146758e-01 4.312787777367551589e-01 -8.829590958616782004e-01 -1.736735100294850564e+00 4.032000000000000000e+03 9.045304033529687482e-01 -4.260232647994142696e-01 -1.813635188683891328e-02 2.026597169988380909e+00 3.333911771573298665e+03 2.960521207265914168e+00 1.607496434178727185e+01
-4.283248257886450583e-01 -7.173893494553826855e-01 -5.494455067621438760e-01 -2.213144003637548263e+00 3.024000000000000000e+03 2.097944174072158829e-01 5.124825028111366088e-01 -8.326751988243676905e-01 -1.653475219646200589e+00 4.032000000000000000e+03 8.789335276560414911e-01 -4.719260594631490835e-01 -6.900469811317555546e-02 1.861493473513271324e+00 3.333911771573298665e+03 3.102306123196236776e+00 1.853451317142843280e+01
-5.044565215975637118e-01 -5.935191812617026663e-01 -6.271033402016962244e-01 -2.459803649540067028e+00 3.024000000000000000e+03 2.645210898491187623e-01 5.851321473908314141e-01 -7.665826525005822178e-01 -1.268088143159027181e+00 4.032000000000000000e+03 8.219198323697517461e-01 -5.525896773956531227e-01 -1.381753870739897694e-01 1.471124508389568541e+00 3.333911771573298665e+03 2.867862939235160002e+00 1.905840498070926969e+01
-5.339173584669795192e-01 -5.173457258357949673e-01 -6.687941793160859794e-01 -2.738006276014184337e+00 3.024000000000000000e+03 3.005954933965957476e-01 6.231608777711391545e-01 -7.220199926353567665e-01 -1.160170753060094873e+00 4.032000000000000000e+03 7.903003249887348147e-01 -5.865355235405079748e-01 -1.772046160453004393e-01 1.270037443813518907e+00 3.333911771573298665e+03 3.028266859734383587e+00 1.590281246321236885e+01
-5.761442122560646029e-01 -4.162146547150945564e-01 -7.034367120674271945e-01 -2.999780431103142408e+00 3.024000000000000000e+03 3.232741626115021583e-01 6.744168272529574848e-01 -6.638190709115598942e-01 -9.806161233551962120e-01 4.032000000000000000e+03 7.507007809185164415e-01 -6.098584297346792971e-01 -2.540099077002321848e-01 9.930265050847587593e-01 3.333911771573298665e+03 3.082365612531609234e+00 1.519034416860849568e+01
-6.120367915933558889e-01 -3.313389481459860786e-01 -7.180706561179216463e-01 -3.147030471191848644e+00 3.024000000000000000e+03 3.754559306149893305e-01 6.773981055752344993e-01 -6.325856864718925054e-01 -7.654012151435305444e-01 4.032000000000000000e+03 6.960199780912491585e-01 -6.567696003962081308e-01 -2.901893900425411288e-01 8.269749162234760753e-01 3.333911771573298665e+03 3.094370014328570395e+00 1.495902976618196867e+01
-6.326374157067991000e-01 -2.509300521301980891e-01 -7.326690993796302065e-01 -3.327069322699240495e+00 3.024000000000000000e+03 4.076390467985194777e-01 6.964981361905242530e-01 -5.905258282313485818e-01 -5.848842126904472138e-01 4.032000000000000000e+03 6.584833390246231932e-01 -6.722532671702395879e-01 -3.383418936607189287e-01 5.594527090979579675e-01 3.333911771573298665e+03 3.230947526326036545e+00 1.499647395541551909e+01
-6.519037179370787971e-01 -1.442913159172470872e-01 -7.444471496961239110e-01 -3.411361619240855347e+00 3.024000000000000000e+03 4.618528214700132750e-01 7.030802680169458974e-01 -5.407125928119371761e-01 -3.437808367274354238e-01 4.032000000000000000e+03 6.014262330826629643e-01 -6.963175661119639370e-01 -3.916992893584431146e-01 2.958404482764967480e-01 3.333911771573298665e+03 3.288619065150373277e+00 1.477274390385867342e+01
-6.642856222284538870e-01 -4.622743658504181036e-02 -7.460480119987797920e-01 -3.421187905320605349e+00 3.024000000000000000e+03 5.054928306832342511e-01 7.074669462636747896e-01 -4.939306814444731075e-01 -8.688951112810819333e-02 4.032000000000000000e+03 5.506374580687433129e-01 -7.052329714719286491e-01 -4.465924828302269556e-01 -5.276880345574006675e-02 3.333911771573298665e+03 3.377320614181802405e+00 1.492063940635802588e+01
-6.724007859461127445e-01 3.499070332072815731e-02 -7.393597458207813444e-01 -3.420051274790658180e+00 3.024000000000000000e+03 5.516079178940032079e-01 6.897527803232333943e-01 -4.690093889817258943e-01 1.290744427677051609e-01 4.032000000000000000e+03 4.935644719544676762e-01 -7.231989717342592883e-01 -4.830914606022522761e-01 -2.656360370702143259e-01 3.333911771573298665e+03 3.366778944146838537e+00 1.440793129047386856e+01
-6.192804504854736436e-01 2.614105319608988065e-01 -7.403757542129728586e-01 -3.207557867325001144e+00 3.024000000000000000e+03 6.634294940645077965e-01 6.785438187463224136e-01 -3.153404389647305184e-01 6.965267051836642187e-01 4.032000000000000000e+03 4.199440796723059033e-01 -6.864712811335061948e-01 -5.936363787093092981e-01 -1.024899746275310219e+00 3.333911771573298665e+03 3.553044675807072394e+00 1.665734384814720670e+01
-6.138826803922116104e-01 3.695460280727403402e-01 -6.975555804737965104e-01 -3.271624289654304185e+00 3.024000000000000000e+03 7.153639710611301439e-01 6.340533808693359363e-01 -2.936506412657997056e-01 9.628632895745384834e-01 4.032000000000000000e+03 3.337700460228932853e-01 -6.792731728427275906e-01 -6.535943030917952257e-01 -1.187865618602240492e+00 3.333911771573298665e+03 3.651477033717756893e+00 1.499609190666492964e+01
-5.797238914198152848e-01 4.664230668890168019e-01 -6.681090722261673331e-01 -3.038830344446525444e+00 3.024000000000000000e+03 7.682848890522983032e-01 5.860148967031969525e-01 -2.575361529879624523e-01 1.090503372337036092e+00 4.032000000000000000e+03 2.714010666356417856e-01 -6.625979652215853166e-01 -6.980726305430192680e-01 -1.490489512002157513e+00 3.333911771573298665e+03 3.641385605327630781e+00 1.558746102164929681e+01
-5.507413258252817911e-01 5.684298372962797163e-01 -6.112049673387283111e-01 -2.844706230485002596e+00 3.024000000000000000e+03 8.044917691843237462e-01 5.566445247234214078e-01 -2.072193678450762189e-01 1.337767784422537076e+00 4.032000000000000000e+03 2.224342270040461644e-01 -6.058336348922541692e-01 -7.638642690232021470e-01 -1.783685967785017645e+00 3.333911771573298665e+03 3.697936012666263927e+00 1.467610008535651467e+01
-5.133734920335037977e-01 6.456895509029662028e-01 -5.652722012730252432e-01 -2.595759121599797492e+00 3.024000000000000000e+03 8.377052197564355263e-01 5.200333989751830810e-01 -1.667789817187405321e-01 1.586762957994666046e+00 4.032000000000000000e+03 1.862729783681675855e-01 -5.591513818323654572e-01 -8.078688691395456978e-01 -2.034624449681452063e+00 3.333911771573298665e+03 3.740724202134603438e+00 1.462412962296720309e+01
-4.606665157228417851e-01 7.247482445856183730e-01 -5.123732460441718928e-01 -2.356008805569533848e+00 3.024000000000000000e+03 8.720705132937855986e-01 4.770097319140671477e-01 -1.093377130855738150e-01 1.781264437327797490e+00 4.032000000000000000e+03 1.651647091096953013e-01 -4.971938229999791070e-01 -8.517739848312904094e-01 -2.210180564881813137e+00 3.333911771573298665e+03 3.710035843151002766e+00 1.500998594501108307e+01
-4.158825307301000085e-01 7.800955800594074896e-01 -4.674319272421429972e-01 -2.035052495597632571e+00 3.024000000000000000e+03 8.996384382670914448e-01 4.280829183664269233e-01 -8.599822902381085155e-02 1.880541299155886970e+00 4.032000000000000000e+03 1.330127851970484554e-01 -4.562848901450274886e-01 -8.798361767962623592e-01 -2.279021965884765688e+00 3.333911771573298665e+03 3.635308491325464075e+00 1.481869374811583739e+01
-3.741754112905845142e-01 8.355253497545555019e-01 -4.023557524169993349e-01 -1.718675343885200046e+00 3.024000000000000000e+03 9.210178362446872491e-01 3.854650894580064491e-01 -5.606077174179628642e-02 1.996410145596284602e+00 4.032000000000000000e+03 1.082539001822874769e-01 -3.915533868154618680e-01 -9.137653081446377445e-01 -2.425559962317313190e+00 3.333911771573298665e+03 3.639228652263988284e+00 1.487187012557864207e+01
-2.932683914845746198e-01 8.979165236604766953e-01 -3.282370592933330777e-01 -1.214825347315745985e+00 3.024000000000000000e+03 9.558154922306707491e-01 2.826550294346526493e-01 -8.076434329044432370e-02 2.070690208793745768e+00 4.032000000000000000e+03 2.025821729302378083e-02 -3.374196954429015127e-01 -9.411363098719166542e-01 -2.776124237224784963e+00 3.333911771573298665e+03 3.710416995656539818e+00 1.345616506200481410e+01
-2.259913717941466338e-01 9.441057611652975412e-01 -2.399837736370816765e-01 -1.037428367035705179e+00 3.024000000000000000e+03 9.738275556053331838e-01 2.250896793655401407e-01 -3.153614096334238920e-02 2.280538930302684175e+00 4.032000000000000000e+03 2.424441829249060487e-02 -2.408297074233422541e-01 -9.702645310450372929e-01 -2.956041556675093940e+00 3.333911771573298665e+03 3.914390098965374598e+00 1.436014479927727905e+01
-1.302336870690050108e-01 9.818389859276837051e-01 -1.379543129623366782e-01 -7.813071704063661027e-01 3.024000000000000000e+03 9.914196732616540331e-01 1.305352147507695681e-01 -6.898491119485739530e-03 2.341670306576239202e+00 4.032000000000000000e+03 1.123468834314647613e-02 -1.376690358158592087e-01 -9.904145689333150315e-01 -3.026149705991208805e+00 3.333911771573298665e+03 3.849738981443045827e+00 1.465435859749377201e+01
-6.494366682488038334e-02 9.932338119594013026e-01 -9.627520407631191823e-02 -4.833854901262768511e-01 3.024000000000000000e+03 9.978869712008355819e-01 6.483182751404022170e-02 -4.292650557914554250e-03 2.360563918261012972e+00 4.032000000000000000e+03 1.978091747507352855e-03 -9.635055226508208726e-02 -9.953454969161474875e-01 -3.045276866107522018e+00 3.333911771573298665e+03 3.890855427882106810e+00 1.455530918157824694e+01
2.033297029379686202e-05 9.991879875115659004e-01 -4.029100643018392047e-02 -3.923018736481370672e-02 3.024000000000000000e+03 9.999882945997204953e-01 -2.152607918539418963e-04 -4.833665931177797206e-03 2.386362747941019435e+00 4.032000000000000000e+03 -4.838414008025515231e-03 -4.029043652504019080e-02 -9.991762959931089760e-01 -3.017113778472892971e+00 3.333911771573298665e+03 3.836005748255468362e+00 1.440031939560544316e+01
5.362199908026694245e-02 9.985594347654422887e-01 1.932991349188427962e-03 2.824700721356201982e-01 3.024000000000000000e+03 9.984862513742368550e-01 -5.359413472261227024e-02 -1.236424441520627034e-02 2.363035102460834480e+00 4.032000000000000000e+03 -1.224283591576410049e-02 2.593060788850368604e-03 -9.999216914361268582e-01 -2.913233681622079185e+00 3.333911771573298665e+03 3.672029006506790871e+00 1.428200649827861568e+01
1.181526854343195876e-01 9.908308440704839404e-01 6.553000353449726922e-02 5.260564339161001302e-01 3.024000000000000000e+03 9.929556801242419573e-01 -1.184809488739600042e-01 1.132282177860098691e-03 2.333404207280898035e+00 4.032000000000000000e+03 8.885957104496276099e-03 6.493460704815710860e-02 -9.978499569443488593e-01 -2.880908440257107905e+00 3.333911771573298665e+03 3.620404022045084158e+00 1.483581623799909366e+01
1.470634560181678652e-01 9.843043271604147160e-01 9.755681133204226196e-02 7.255357623590745764e-01 3.024000000000000000e+03 9.889806204022810743e-01 -1.480218437166175294e-01 2.620353306833370522e-03 2.326562506481381742e+00 4.032000000000000000e+03 1.701976417908829600e-02 9.609643758233987754e-02 -9.952265080429038013e-01 -2.944641924572068081e+00 3.333911771573298665e+03 3.714038509560734891e+00 1.509506258004136114e+01
2.488294432459729200e-01 9.498941631154839138e-01 1.891692021789844469e-01 1.283253455508591712e+00 3.024000000000000000e+03 9.680472428640782834e-01 -2.501867274202416724e-01 -1.706273735384056939e-02 2.165229783259062568e+00 4.032000000000000000e+03 3.111982900267245764e-02 1.873704360401716174e-01 -9.817962497081360596e-01 -2.885692910590988536e+00 3.333911771573298665e+03 3.699655519558212813e+00 1.481802499846816445e+01
3.103737578133096142e-01 9.047906013760136368e-01 2.915854902468169030e-01 1.570141878327556917e+00 3.024000000000000000e+03 9.500756099091611784e-01 -3.055725635556488795e-01 -6.310106067067451641e-02 2.047240286804244302e+00 4.032000000000000000e+03 3.200727911866661779e-02 2.966131758092692694e-01 -9.544611872778060446e-01 -2.712318834724344985e+00 3.333911771573298665e+03 3.571587063289354269e+00 1.422962345094711978e+01
3.726027238745046599e-01 8.552072778764733263e-01 3.602606306945184134e-01 1.908060602363749414e+00 3.024000000000000000e+03 9.269601726365513938e-01 -3.612902787651868786e-01 -1.010651909184772934e-01 1.917132182585138844e+00 4.032000000000000000e+03 4.372697687828757535e-02 3.716044218478651850e-01 -9.273608279176984714e-01 -2.556782744330574619e+00 3.333911771573298665e+03 3.562697201410502501e+00 1.393300677843607005e+01
4.172354953596454363e-01 8.151215989901151593e-01 4.018598266457958923e-01 2.118610822405403660e+00 3.024000000000000000e+03 9.064654676537596822e-01 -4.049308218381393321e-01 -1.197972682357132390e-01 1.816743993455175676e+00 4.032000000000000000e+03 6.507608902847207555e-02 4.142557282468003477e-01 -9.078310934592797032e-01 -2.442450375781939353e+00 3.333911771573298665e+03 3.527756297405892916e+00 1.400512113162112726e+01
4.569284452548410536e-01 7.650156495187516725e-01 4.538363712929982530e-01 2.365809508097296732e+00 3.024000000000000000e+03 8.838643024533489045e-01 -4.478491804340728466e-01 -1.349629817141884125e-01 1.704098953772670288e+00 4.032000000000000000e+03 1.000014538176755702e-01 4.627981931424665074e-01 -8.808050531521827153e-01 -2.311618500759442085e+00 3.333911771573298665e+03 3.540514942782647889e+00 1.446095865211858822e+01
4.982490668277436696e-01 6.958218679729788470e-01 5.172811570663260472e-01 2.650490805922059323e+00 3.024000000000000000e+03 8.563504893875991675e-01 -4.883021801371808523e-01 -1.680024410504069310e-01 1.595481978437808923e+00 4.032000000000000000e+03 1.356897443836560246e-01 5.266810314828801465e-01 -8.391635027485569998e-01 -2.124040381829088719e+00 3.333911771573298665e+03 3.303267208186857928e+00 1.445059731872439279e+01
5.283495348260730529e-01 6.605634044957000572e-01 5.333879991995718051e-01 2.801472929829237124e+00 3.024000000000000000e+03 8.377537637592271658e-01 -5.076464813404667487e-01 -2.011558631755289150e-01 1.488979131367797804e+00 4.032000000000000000e+03 1.378963391693956708e-01 5.531284106097728026e-01 -8.216042605902097451e-01 -2.056243350887211552e+00 3.333911771573298665e+03 3.247832020621202354e+00 1.473449173916267441e+01
5.775615696101058516e-01 6.057048880616890951e-01 5.473063327677539780e-01 2.998564188614850412e+00 3.024000000000000000e+03 7.997561027349753271e-01 -5.543021336709620384e-01 -2.305196753988317526e-01 1.278500574805396583e+00 4.032000000000000000e+03 1.637461738413293899e-01 5.708508852458716865e-01 -8.045597910449724388e-01 -1.762742897075885384e+00 3.333911771573298665e+03 3.550710790160011676e+00 1.352945438866549210e+01
7.068448133429419133e-01 5.449774507163233084e-01 4.509656173822109149e-01 2.335576410722865148e+00 3.024000000000000000e+03 7.062487039087704810e-01 -5.795721977525497559e-01 -4.065818931278925019e-01 4.379545343236538324e-01 4.032000000000000000e+03 3.978917035278808911e-02 6.058841851402102519e-01 -7.945572201670689783e-01 -2.010563734883704878e+00 3.333911771573298665e+03 3.806094911165482486e+00 1.062070544396702054e+01
7.563346872268701393e-01 4.537866472122605299e-01 4.712064512602599509e-01 2.504766153932599604e+00 3.024000000000000000e+03 6.481981143996571326e-01 -6.170677665526015376e-01 -4.461687752078944413e-01 1.378839626089236325e-01 4.032000000000000000e+03 8.830087987195485433e-02 6.428880542471130388e-01 -7.608534052760752564e-01 -1.827457342360242709e+00 3.333911771573298665e+03 3.964824804114393864e+00 1.058678767432808066e+01
8.403330476354504697e-01 1.707075238940796713e-01 5.144893685370650616e-01 2.714604415899952716e+00 3.024000000000000000e+03 4.794466092155903469e-01 -6.769140328405462981e-01 -5.584965004861004445e-01 -3.676591127146925930e-01 4.032000000000000000e+03 2.529255186085199170e-01 7.159932495697846067e-01 -6.506783757027057025e-01 -1.467949917181985642e+00 3.333911771573298665e+03 3.836957424521781679e+00 1.071538022736874218e+01
8.399711050634546261e-01 -1.857769965150751768e-01 5.098386511675202515e-01 2.709389358301748985e+00 3.024000000000000000e+03 2.592450749373194085e-01 -6.880126722307569054e-01 -6.778130671288630227e-01 -1.093730718525691925e+00 4.032000000000000000e+03 4.766975286061616579e-01 7.015165503505461642e-01 -5.297489932081486108e-01 -6.206626121117829742e-01 3.333911771573298665e+03 3.710800608740171924e+00 1.045894872154055832e+01
8.163849699819432093e-01 -2.860610088820298991e-01 5.016818513609765384e-01 2.652528570739087765e+00 3.024000000000000000e+03 1.975715943442629130e-01 -6.779388002706706606e-01 -7.080709344379484405e-01 -1.279282496413621795e+00 4.032000000000000000e+03 5.426610782945907596e-01 6.771765517831804804e-01 -4.969415175040151622e-01 -4.231786971104047890e-01 3.333911771573298665e+03 3.673719736492078169e+00 1.066802731463878828e+01
7.610451666926434378e-01 -4.588604393449248753e-01 4.585382769823566629e-01 2.410555099566860537e+00 3.024000000000000000e+03 8.733797314206422080e-02 -6.279443282797328996e-01 -7.733420970235297398e-01 -1.596471127204176721e+00 4.032000000000000000e+03 6.427926047343747173e-01 6.285960688594040002e-01 -4.378180552618869958e-01 -1.411664525719633911e-01 3.333911771573298665e+03 3.600562954429520346e+00 1.062073270721537277e+01
6.685708381987806037e-01 -6.252576990113515309e-01 4.025740231773655142e-01 2.054084396453626837e+00 3.024000000000000000e+03 -1.163617849432462686e-02 -5.500795516615865077e-01 -8.350311887551484791e-01 -1.939014603202089848e+00 4.032000000000000000e+03 7.435574178637639475e-01 5.535930785972833501e-01 -3.750427571210431799e-01 1.618155295977389552e-01 3.333911771573298665e+03 4.429102959829841701e+00 1.047061540115548794e+01
3.699797159926738188e-01 -9.151165776677012698e-01 1.602393804023663493e-01 7.702742548066110473e-01 3.024000000000000000e+03 -1.824043379340633264e-01 -2.406733082114251576e-01 -9.533126539689927847e-01 -2.434669791363439195e+00 4.032000000000000000e+03 9.109575551346047462e-01 3.234779868744118159e-01 -2.559654757010433324e-01 7.362837063756267897e-01 3.333911771573298665e+03 3.791720860502659107e+00 1.011712207692370491e+01
2.203064104627319164e-01 -9.692239277006408082e-01 1.098638406463566947e-01 3.949383186868082873e-01 3.024000000000000000e+03 -2.099785867863129263e-01 -1.571135343291300557e-01 -9.649996530682442009e-01 -2.526773623538797864e+00 4.032000000000000000e+03 9.525618502754813477e-01 1.895265556674078089e-01 -2.381293894012246060e-01 8.441434798225205816e-01 3.333911771573298665e+03 3.626495173495742019e+00 1.032396121960581326e+01
8.340112013966281823e-02 -9.965133213588993621e-01 2.335275937634352043e-03 2.636725096556443923e-02 3.024000000000000000e+03 -2.336813686502999532e-01 -2.183546821240309188e-02 -9.720680173082890674e-01 -2.604919134819619231e+00 4.032000000000000000e+03 9.687297203581463068e-01 8.052585101816993329e-02 -2.346876993210920137e-01 8.540257519808543973e-01 3.333911771573298665e+03 3.707752735804589861e+00 1.017531427346269979e+01
-7.404434243897697887e-02 -9.941770745841508328e-01 -7.829035524302803417e-02 -3.682616398759372411e-01 3.024000000000000000e+03 -2.509559530721526821e-01 9.455498216973234893e-02 -9.633693294705458765e-01 -2.526388729833549895e+00 4.032000000000000000e+03 9.651624448611886287e-01 -5.168461781015323137e-02 -2.564959167538372053e-01 8.233400395579402176e-01 3.333911771573298665e+03 3.688703806814195296e+00 9.900045808360399491e+00
-5.089689420191494396e-01 -7.934752666851067060e-01 -3.336879039145798642e-01 -1.240501090879557067e+00 3.024000000000000000e+03 -1.201102388304671753e-01 4.493289220992626731e-01 -8.852553588051316202e-01 -1.876234972899261777e+00 4.032000000000000000e+03 8.523638580958226019e-01 -4.104881495538122427e-01 -3.239989698870835988e-01 5.834159524473981895e-01 3.333911771573298665e+03 3.248459939465547563e+00 9.524409524465252019e+00
-6.043511063836458641e-01 -6.910493030930480174e-01 -3.964979204327235274e-01 -1.624004956547774325e+00 3.024000000000000000e+03 -4.439567995956383156e-02 5.261006332321945811e-01 -8.492627080671865114e-01 -1.855664930505024346e+00 4.032000000000000000e+03 7.954802095676487550e-01 -4.956500624506117170e-01 -3.486291034594126148e-01 3.815998341802835925e-01 3.333911771573298665e+03 3.425874938796135361e+00 9.946099238636964657e+00
-6.991770234331496914e-01 -5.477186033835540480e-01 -4.595169435513012379e-01 -1.888892544919973604e+00 3.024000000000000000e+03 5.073096186075080199e-02 6.030997591609744690e-01 -7.960509091814778060e-01 -1.659299003985463150e+00 4.032000000000000000e+03 7.131464501852644577e-01 -5.798922417204283031e-01 -3.938872028647448786e-01 1.464905956967569589e-01 3.333911771573298665e+03 3.433083996043015063e+00 1.012031547971747614e+01
-7.473373146878644624e-01 -4.349084986220811411e-01 -5.023360786380162146e-01 -2.168549546982081910e+00 3.024000000000000000e+03 1.334435908430838535e-01 6.423785043314370613e-01 -7.546805054033193239e-01 -1.441584179532941601e+00 4.032000000000000000e+03 6.509068644115189040e-01 -6.310344324988876874e-01 -4.220376746959580427e-01 -5.312717351970851903e-02 3.333911771573298665e+03 3.500354932005810937e+00 1.043182243515920504e+01
-8.001213898543954040e-01 -1.495990678203615309e-01 -5.808837064376564108e-01 -2.351762505735329523e+00 3.024000000000000000e+03 3.177818278609558789e-01 7.156179049141662141e-01 -6.220174628156426300e-01 -8.481540025634404234e-01 4.032000000000000000e+03 5.087440136048977379e-01 -6.822837628681619471e-01 -5.250413274663635610e-01 -3.499324811062385354e-01 3.333911771573298665e+03 3.421929764853267830e+00 1.070021344405206065e+01
-8.062541869697865682e-01 -7.585379050721624550e-02 -5.866859368174560663e-01 -2.498798014891130848e+00 3.024000000000000000e+03 3.746374619064928857e-01 7.020514563133630759e-01 -6.056158227990307008e-01 -6.319064467670576501e-01 4.032000000000000000e+03 4.578219720917177660e-01 -7.080748231323955588e-01 -5.376142545692749186e-01 -5.822978409205853412e-01 3.333911771573298665e+03 3.509815989871854391e+00 1.094101021729615297e+01
-8.027395732958371166e-01 1.099944355968161258e-01 -5.860976041603949138e-01 -2.454726027279742429e+00 3.024000000000000000e+03 4.890880724965975257e-01 6.837512647902538321e-01 -5.415506118907920108e-01 -3.866202727143611129e-01 4.032000000000000000e+03 3.411774242331694351e-01 -7.213774546209953398e-01 -6.026711650296151523e-01 -9.811755445763469252e-01 3.333911771573298665e+03 3.624883269261519381e+00 1.095991363102596239e+01
-7.843728982792395055e-01 2.703798785761186152e-01 -5.582596866210103315e-01 -2.337508723291484625e+00 3.024000000000000000e+03 5.726603333903800275e-01 6.615054258810643129e-01 -4.842217612738300980e-01 -4.668455484742434908e-02 4.032000000000000000e+03 2.383679907333287329e-01 -6.995036045590291574e-01 -6.737027595332238938e-01 -1.297362668542368702e+00 3.333911771573298665e+03 3.639622760037904747e+00 1.062827829125131629e+01
-7.480842038713647613e-01 4.423739508327826364e-01 -4.946466532210045952e-01 -1.822044167036612539e+00 3.024000000000000000e+03 6.546896978277267909e-01 6.137567393886772527e-01 -4.412301716941159913e-01 3.273332446839423426e-02 4.032000000000000000e+03 1.084039827514925169e-01 -6.539173896445742429e-01 -7.487593899538353970e-01 -1.778874045006721971e+00 3.333911771573298665e+03 4.811659366014687578e+00 1.032113408355524342e+01
-8.023318385022819577e-01 4.128187184246668862e-01 -4.310966558021107065e-01 -1.511592173101899528e+00 3.024000000000000000e+03 5.918129156366239707e-01 6.441019819228968046e-01 -4.846546293688676621e-01 -3.136393402862949764e-01 4.032000000000000000e+03 7.759570742783451769e-02 -6.439824086116110458e-01 -7.610949767194380433e-01 -1.637245549594492422e+00 3.333911771573298665e+03 5.558192448179161360e+00 9.674311850691474035e+00
-8.624192819004840027e-01 2.963713768217388078e-01 -4.103620221305093740e-01 -1.396765767360706567e+00 3.024000000000000000e+03 4.993248351916739769e-01 6.311905912288464648e-01 -5.935260284983187029e-01 -8.399722979996185890e-01 4.032000000000000000e+03 8.311252112083584997e-02 -7.167722403560047306e-01 -6.923365253169676548e-01 -1.324133274629429202e+00 3.333911771573298665e+03 5.669367633204637436e+00 9.214984635682016645e+00
-4.584867106062971986e-01 8.019806753041607006e-02 -8.850752545189612963e-01 -3.969150351485218664e+00 3.024000000000000000e+03 6.432412670216478556e-01 7.171423088245211241e-01 -2.682304630242814403e-01 1.342557212032962077e+00 4.032000000000000000e+03 6.132133467218424672e-01 -6.922970308026907826e-01 -3.803869247805125586e-01 4.423943473966852613e-01 3.333911771573298665e+03 3.183996938083103245e+00 3.173268777283130504e+01
-4.490212385668249095e-01 2.113654392822012507e-01 -8.681616084537233657e-01 -4.003957350554121497e+00 3.024000000000000000e+03 7.041001979622085738e-01 6.818937260014608093e-01 -1.981510980777624886e-01 1.683942847662699416e+00 4.032000000000000000e+03 5.501116600704742954e-01 -7.002468118577094280e-01 -4.550072130610903209e-01 9.719461643122766226e-02 3.333911771573298665e+03 3.316490791080781708e+00 3.287553508101515121e+01
-4.206972225532347731e-01 3.859181102865779089e-01 -8.210243961593534090e-01 -3.835341007511599898e+00 3.024000000000000000e+03 7.637664052700464667e-01 6.390494637601820127e-01 -9.097615648451344572e-02 2.222433448052335336e+00 4.032000000000000000e+03 4.895658537080225248e-01 -6.653442680452431590e-01 -5.635976223002316932e-01 -4.174194166931056715e-01 3.333911771573298665e+03 3.501894684921775358e+00 3.429027443833329158e+01
-3.830603490987121718e-01 5.576856097619362629e-01 -7.363773011254693968e-01 -3.435840672086968972e+00 3.024000000000000000e+03 8.181828217815112492e-01 5.748753189539864694e-01 9.758985561834798705e-03 2.653493358424748649e+00 4.032000000000000000e+03 4.287675816686896124e-01 -5.987529777145242926e-01 -6.765007262287113798e-01 -8.451302388231567431e-01 3.333911771573298665e+03 3.465446502354587288e+00 4.855520743269746475e+01
-3.182856770382241351e-01 7.160233653940255572e-01 -6.212928198539984237e-01 -2.910753168248723988e+00 3.024000000000000000e+03 8.694055532884095161e-01 4.817437677399666884e-01 1.098040352399488884e-01 3.101320983507073414e+00 4.032000000000000000e+03 3.779261987526060240e-01 -5.052063761014053966e-01 -7.758468314318820447e-01 -1.561229711737527559e+00 3.333911771573298665e+03 3.984400140037374083e+00 5.147057761090872674e+01
-2.695813054517006147e-01 8.342268665041410181e-01 -4.810316569142191190e-01 -2.162298347748828675e+00 3.024000000000000000e+03 8.991926954396065597e-01 3.968455254827385481e-01 1.842990107742970562e-01 3.508325301891205950e+00 4.032000000000000000e+03 3.446424469200103924e-01 -3.828565842544845998e-01 -8.571128395222981089e-01 -2.006338292750629027e+00 3.333911771573298665e+03 3.678611711371287285e+00 6.548732199203556092e+01
-2.167742156618238658e-01 9.106444275787034526e-01 -3.517608078567832641e-01 -1.597035169559865464e+00 3.024000000000000000e+03 9.282951353636796910e-01 3.037995685739192653e-01 2.144154000869060994e-01 3.722957469546461340e+00 4.032000000000000000e+03 3.021209709443034019e-01 -2.800581165653946436e-01 -9.112027053633651175e-01 -2.246810648785110054e+00 3.333911771573298665e+03 3.979985815766011736e+00 2.956632506655535053e+01
-1.263965292299177312e-01 9.643156527541244527e-01 -2.326354213184597675e-01 -1.159070492945504682e+00 3.024000000000000000e+03 9.507864163104826627e-01 1.846488658037153119e-01 2.488171756870315443e-01 3.837225376525629006e+00 4.032000000000000000e+03 2.828941638813005088e-01 -1.897369711226261635e-01 -9.401971994380284858e-01 -2.273756414916376034e+00 3.333911771573298665e+03 3.657628949564671661e+00 7.200448522295400267e+01
2.521590113509129816e-03 9.994633330096771573e-01 -3.266018298305747164e-02 -2.127677237673859800e-02 3.024000000000000000e+03 9.531115958071947336e-01 7.481230830815422707e-03 3.025265560626353989e-01 4.222001560126828146e+00 4.032000000000000000e+03 3.026085384141734558e-01 -3.189164709517840202e-02 -9.525812276779311860e-01 -2.533985222118736225e+00 3.333911771573298665e+03 4.067108956444215551e+00 3.669157045491967750e+01
8.603968687399249360e-02 9.877475184827383403e-01 1.301998925261376172e-01 6.661893799782178105e-01 3.024000000000000000e+03 9.470446604277065195e-01 -1.216643453014991244e-01 2.971602231755244850e-01 4.219633549923863747e+00 4.032000000000000000e+03 3.093599577159191760e-01 9.773754045171204052e-02 -9.459089754032652397e-01 -2.523709711851719550e+00 3.333911771573298665e+03 4.021803045924931652e+00 6.708261954135292626e+01
1.499977366328199835e-01 9.537496446916794435e-01 2.605039236854726492e-01 1.190021205917673131e+00 3.024000000000000000e+03 9.351304209625908026e-01 -2.224019360197580231e-01 2.758051389024346323e-01 4.083866450578806706e+00 4.032000000000000000e+03 3.209856302007287887e-01 2.022349972313369215e-01 -9.252400937591723773e-01 -2.402230473221023122e+00 3.333911771573298665e+03 3.747453323656305457e+00 6.704951536713248572e+01
1.981542656283934722e-01 8.993184123942938868e-01 3.898221134593045090e-01 1.828795423639603124e+00 3.024000000000000000e+03 9.222027741666617429e-01 -3.057992753456027502e-01 2.367041328693214874e-01 3.887370361111218031e+00 4.032000000000000000e+03 3.320797047887527609e-01 3.125911008437556871e-01 -8.899493656049785040e-01 -2.224419120300533237e+00 3.333911771573298665e+03 3.233484706594440539e+00 3.174995384833935930e+01
3.181920843635400176e-01 7.769842912288768000e-01 5.431843228885990804e-01 2.654854359915397755e+00 3.024000000000000000e+03 8.893670496085138710e-01 -4.430636702028902252e-01 1.127866801399515784e-01 3.175503394833197657e+00 4.032000000000000000e+03 3.282987184242928125e-01 4.472024097988566704e-01 -8.320035794100061333e-01 -1.669503071806988537e+00 3.333911771573298665e+03 3.152264118884451793e+00 2.448328088069125386e+01
3.667532891937117512e-01 6.680540160562704610e-01 6.474533624105150986e-01 3.167726295476226639e+00 3.024000000000000000e+03 8.417783655199968518e-01 -5.346163007787049226e-01 7.479702055681033968e-02 2.977554085788706395e+00 4.032000000000000000e+03 3.961075715106643358e-01 5.175801798492496442e-01 -7.584257044820819083e-01 -1.537327833125822885e+00 3.333911771573298665e+03 3.482156261086295501e+00 2.329888461902931951e+01
3.407957093370443391e-01 5.961601620000122059e-01 7.269465907077217182e-01 3.609602231166058495e+00 3.024000000000000000e+03 8.284335181330693132e-01 -5.559940530788540780e-01 6.759082019485798676e-02 2.979190285075124400e+00 4.032000000000000000e+03 4.444729356565214617e-01 5.791922601218590927e-01 -6.833594480826371553e-01 -1.189539707183705497e+00 3.333911771573298665e+03 3.459750085782201445e+00 5.345001840058139919e+01
3.193707098186559512e-01 5.123681024751916002e-01 7.971707955487952191e-01 3.922946879448047763e+00 3.024000000000000000e+03 8.211822889341245935e-01 -5.694637487085332239e-01 3.702279362414736402e-02 2.925377662225930209e+00 4.032000000000000000e+03 4.729291681117157586e-01 6.427985426809832425e-01 -6.026176528084490336e-01 -7.735362020476636014e-01 3.333911771573298665e+03 3.465905941171270044e+00 2.269130373827021430e+01
3.076795651345115012e-01 4.472130787992308898e-01 8.398415013260244200e-01 4.095575354885188979e+00 3.024000000000000000e+03 8.035263556598799539e-01 -5.948483413263454533e-01 2.237960190100649061e-02 2.592368137440179687e+00 4.032000000000000000e+03 5.095867747092636124e-01 6.679490347116379123e-01 -5.423701743912563433e-01 -3.295407089833397030e-01 3.333911771573298665e+03 3.397020021502771048e+00 2.234973546194326843e+01
4.366267141100639848e-01 1.998785207794725738e-01 8.771577335100331219e-01 4.501429132727649218e+00 3.024000000000000000e+03 7.183731596953841780e-01 -6.643984665024982306e-01 -2.061908851971852308e-01 1.689632201418840740e+00 4.032000000000000000e+03 5.415691238934496887e-01 7.201550212559367781e-01 -4.336814838163404184e-01 8.502736188676857099e-02 3.333911771573298665e+03 3.526099183865638587e+00 1.426144429946391057e+01
4.359389206314871479e-01 9.647088057564272290e-02 8.947908284507692933e-01 4.633824619682247459e+00 3.024000000000000000e+03 7.015449355426272016e-01 -6.592008964925032410e-01 -2.707191930358301968e-01 1.104063827113171081e+00 4.032000000000000000e+03 5.637303973471228247e-01 7.457530068758957409e-01 -3.550499849914303119e-01 4.057278504942802844e-01 3.333911771573298665e+03 3.614421028565556693e+00 1.975723252618081460e+01
4.505373568819224239e-01 -7.225660391605932820e-02 8.898286763441425329e-01 4.687934568488330456e+00 3.024000000000000000e+03 6.396722779639244516e-01 -6.691577790961195094e-01 -3.782158688891736897e-01 7.901695828100577801e-01 4.032000000000000000e+03 6.227643750715795568e-01 7.395991142948095121e-01 -2.552600307060203799e-01 9.013949654048403204e-01 3.333911771573298665e+03 3.619741834534162095e+00 3.136826450881073924e+01
4.482164194474640428e-01 -1.854511676883545124e-01 8.744769326521542041e-01 4.570424142092086583e+00 3.024000000000000000e+03 6.064815533446947793e-01 -6.555796620686505927e-01 -4.498837984797405820e-01 3.578447545552729814e-01 4.032000000000000000e+03 6.567207677470700000e-01 7.319994338009964130e-01 -1.813688565457685642e-01 1.279323187030833697e+00 3.333911771573298665e+03 3.549311643935822769e+00 1.714146319863336032e+01
4.425257940176177684e-01 -4.444402774830567560e-01 7.788733923943351733e-01 3.896600191289668391e+00 3.024000000000000000e+03 4.937281353472967593e-01 -6.043003636517029209e-01 -6.253427850842294689e-01 -3.625531775858318873e-01 4.032000000000000000e+03 7.486009951873949797e-01 6.612820202010657455e-01 -4.798582877516029133e-02 2.073889667273626003e+00 3.333911771573298665e+03 3.273518301538491215e+00 3.666924462745794244e+01
4.066934168453454346e-01 -5.776774182630310950e-01 7.077353072467255091e-01 3.586891123173907125e+00 3.024000000000000000e+03 4.499067089339487402e-01 -5.475919794998365120e-01 -7.054976805374159055e-01 -8.874236155441953544e-01 4.032000000000000000e+03 7.951002565405705935e-01 6.053361251539591814e-01 3.719889289628564022e-02 2.423250964204985092e+00 3.333911771573298665e+03 3.414394441588285645e+00 1.613465767982081545e+01
3.426146629617822237e-01 -7.350813058989241755e-01 5.850390298446043191e-01 3.176076071666817047e+00 3.024000000000000000e+03 3.891908079509990848e-01 -4.557276003691655974e-01 -8.005266199622660395e-01 -1.218832221450630637e+00 4.032000000000000000e+03 8.550705864021008740e-01 5.019639707983967192e-01 1.299479291496139499e-01 2.751259221446800129e+00 3.333911771573298665e+03 3.199896859260812132e+00 2.884615898030141068e+01
3.280217649762885990e-01 -7.688222810917009209e-01 5.489207791647106038e-01 2.832816587895431670e+00 3.024000000000000000e+03 4.280397133149847488e-01 -3.970357517727294838e-01 -8.118772170959652756e-01 -1.320898934130830815e+00 4.032000000000000000e+03 8.421304682334360692e-01 5.012732906421566437e-01 1.988501007334856630e-01 3.278348460223793115e+00 3.333911771573298665e+03 3.125896889943526880e+00 2.299974935720703684e+01
2.481555761776634283e-01 -8.882154140402880316e-01 3.866421967053920716e-01 2.183427992953454133e+00 3.024000000000000000e+03 3.505970842378928198e-01 -2.897218369776830560e-01 -8.905857295635071225e-01 -1.757951772575719884e+00 4.032000000000000000e+03 9.030506600051957378e-01 3.565594416636810871e-01 2.395096449512293668e-01 3.608930709990444186e+00 3.333911771573298665e+03 3.193993133192796652e+00 2.544980532846919985e+01
2.099552182193462346e-01 -9.362578142067728981e-01 2.816737681773406887e-01 1.779803513436434947e+00 3.024000000000000000e+03 3.586435940469241412e-01 -1.942622383541484921e-01 -9.130372145749268142e-01 -1.851004989545089074e+00 4.032000000000000000e+03 9.095568034991391437e-01 2.927174201963243516e-01 2.949964967962105389e-01 3.795152644406998288e+00 3.333911771573298665e+03 3.243585703719430668e+00 2.240628486681827880e+01
1.698671111396408417e-01 -9.626745221164046962e-01 2.107200252017459030e-01 1.281260984795186353e+00 3.024000000000000000e+03 3.559068782838758493e-01 -1.394658690326533168e-01 -9.240560401648771904e-01 -1.846720589756007502e+00 4.032000000000000000e+03 9.189534583118446065e-01 2.319634364353966027e-01 3.189318196947151796e-01 3.927135701368150489e+00 3.333911771573298665e+03 3.172163032541093663e+00 2.276033728858818250e+01
9.827410368283039099e-02 -9.948293026204894085e-01 2.562926438598745957e-02 4.364349692834776362e-01 3.024000000000000000e+03 3.697052831129663542e-01 1.258631297316379141e-02 -9.290638236225232660e-01 -1.839622048717999503e+00 4.032000000000000000e+03 9.239373378014860139e-01 1.007781889764452765e-01 3.690305576004920818e-01 4.011740441757018161e+00 3.333911771573298665e+03 3.217674744913077589e+00 2.413215784365939953e+01
5.663055908273033345e-03 -9.928311017025278629e-01 -1.193915126377262104e-01 -1.600159122562034852e-01 3.024000000000000000e+03 3.638436252960653428e-01 1.132556960939660601e-01 -9.245490596143005613e-01 -1.845832376854233514e+00 4.032000000000000000e+03 9.314428303063994052e-01 -3.820406777315427105e-02 3.618766406890445708e-01 4.075659806619020387e+00 3.333911771573298665e+03 3.262410273724201559e+00 2.608880989540687523e+01
-7.037019145744637105e-02 -9.635875033001926049e-01 -2.579673615749542570e-01 -8.018755985027014033e-01 3.024000000000000000e+03 3.875738247172488826e-01 2.118790725873151981e-01 -8.971587312140379966e-01 -1.746828074642443163e+00 4.032000000000000000e+03 9.191488272028014439e-01 -1.631146286610739571e-01 3.585513232000046568e-01 4.052429160255026197e+00 3.333911771573298665e+03 3.129940639719411166e+00 2.481872363891524458e+01
-9.287410676326388059e-02 -9.277143830752693221e-01 -3.615527952155781488e-01 -1.279621013870631208e+00 3.024000000000000000e+03 3.972325171465099225e-01 2.984485117606400228e-01 -8.678334017248394705e-01 -1.523571053220128757e+00 4.032000000000000000e+03 9.130064225482606988e-01 -2.242197789293599308e-01 3.408001806374157394e-01 3.982160290949462667e+00 3.333911771573298665e+03 2.993502804315669508e+00 2.516851690077778159e+01
-1.999725509033031534e-01 -7.990497823549965739e-01 -5.670365281034884797e-01 -2.272894403109562589e+00 3.024000000000000000e+03 4.130944816680743870e-01 4.560183293391262271e-01 -7.882894344859235902e-01 -1.296284575888591473e+00 4.032000000000000000e+03 8.884615512787319425e-01 -3.918759097280473669e-01 2.388919070923172516e-01 3.520663229306307596e+00 3.333911771573298665e+03 3.046815374928632192e+00 2.592829565170278983e+01
-2.926618245108342231e-01 -6.435444184653086319e-01 -7.072479324368062814e-01 -3.101286247140639940e+00 3.024000000000000000e+03 4.572158703247353739e-01 5.554231719821995927e-01 -6.945925049613093094e-01 -1.085096124582173971e+00 4.032000000000000000e+03 8.398230196875912101e-01 -5.266456887579913371e-01 1.316875624933363798e-01 3.049297990242254119e+00 3.333911771573298665e+03 3.202457861278218409e+00 2.557576759288257406e+01
-3.338247053209248416e-01 -5.310564978806726621e-01 -7.788068195490541745e-01 -3.403478290498830550e+00 3.024000000000000000e+03 4.865908714236961696e-01 6.105326754964445213e-01 -6.248833299090970073e-01 -7.770869696691432571e-01 4.032000000000000000e+03 8.073353639996985187e-01 -5.875617824619540075e-01 5.459635359257622444e-02 2.736843877024919269e+00 3.333911771573298665e+03 3.096363427717266248e+00 2.597575473117969480e+01
-3.535844246631600907e-01 -4.896478932319816013e-01 -7.970087799322562727e-01 -3.492721942709954064e+00 3.024000000000000000e+03 5.052405956948511356e-01 6.170958238649840721e-01 -6.032617049260698971e-01 -6.690061758071881304e-01 4.032000000000000000e+03 7.872166125645052581e-01 -6.159851336046008319e-01 2.919452141391580893e-02 2.690604487543748480e+00 3.333911771573298665e+03 3.075876144078145025e+00 2.668541156236499035e+01
-3.610300610346253714e-01 -4.380720510530160539e-01 -8.232558369762936756e-01 -3.747382223337254459e+00 3.024000000000000000e+03 5.266074978583721311e-01 6.328030453013810952e-01 -5.676661422496875886e-01 -2.585222128315642909e-01 4.032000000000000000e+03 7.696374719494100125e-01 -6.384772383910811699e-01 2.231104618659243873e-03 2.398630863189403772e+00 3.333911771573298665e+03 3.140572494696877381e+00 2.679058898959189250e+01
-3.391178124129235472e-01 -2.461737051848177649e-01 -9.079634442970989650e-01 -4.071662227427303549e+00 3.024000000000000000e+03 5.624914077999274564e-01 7.205642132059955074e-01 -4.054511447734243657e-01 4.381111173333556152e-01 4.032000000000000000e+03 7.540573754400450301e-01 -6.482173412694252068e-01 -1.058855656927243788e-01 1.774983669434954336e+00 3.333911771573298665e+03 3.123159024377188508e+00 2.685193207627598611e+01
-3.333754434516958964e-01 -1.286692616318187155e-01 -9.339727163116209319e-01 -4.222053577070556507e+00 3.024000000000000000e+03 5.977858844501030555e-01 7.372020412705782011e-01 -3.149367979431759723e-01 9.853469015982077028e-01 4.032000000000000000e+03 7.290492782079912581e-01 -6.633079009461707587e-01 -1.688483890559558942e-01 1.461176188282035104e+00 3.333911771573298665e+03 3.155267907033541874e+00 3.411325426289369034e+01
